0.333958
0.59748
0.445841
0.378282
0.24256
0.348412
0.260004
0.465063
0.232641
0.476577
0.516208
0.526719
0.515774
0.292096
0.333591
0.424604
0.436089
0.42004
0.357666
0.381501
0.255559
0.39186
0.558895
0.387739
0.348066
0.529552
0.449336
0.464437
0.508384
0.347506
0.330694
0.419331
0.509966
0.310894
0.503628
0.495521
0.523589
0.447355
0.438024
0.579122
0.362937
0.401057
0.475066
0.530792
0.372353
0.23776
0.501486
0.310707
0.326113
0.225104
0.42234
0.387838
0.416144
0.450809
0.282951
0.529016
0.26757
0.502976
0.414674
0.414006
0.374037
0.301813
0.402428
0.360504
0.322923
0.563972
0.464094
0.440784
0.270296
0.268984
0.462654
0.28749
0.430176
0.328476
0.483454
0.531137
0.519426
0.431055
0.392541
0.415759
0.293506
0.195371
0.429989
0.29353
0.451407
0.242807
0.318745
0.483044
0.270362
0.431012
0.50122
0.52887
0.422383
0.396981
0.577556
0.271402
0.280962
0.409624
0.468568
0.418378
