0.52938
0.51248
0.507245
0.449031
0.487163
0.521046
0.538029
0.443736
0.428023
0.454337
0.512468
0.33189
0.493183
0.424259
0.459054
0.525369
0.397513
0.498303
0.299892
0.358686
0.375705
0.492859
0.384396
0.551441
0.347238
0.351437
0.427772
0.468328
0.439728
0.375371
0.366553
0.284086
0.316776
0.44559
0.459411
0.513851
0.440917
0.456542
0.518696
0.448694
0.408709
0.485822
0.329513
0.483628
0.412293
0.433382
0.518826
0.412028
0.522148
0.432927
0.416697
0.290222
0.304765
0.371813
0.453445
0.459639
0.345675
0.309405
0.368622
0.462698
0.3192
0.359748
0.416107
0.270026
0.484686
0.312161
0.447848
0.390947
0.35926
0.386317
0.29279
0.466776
0.533333
0.422789
0.361908
0.494283
0.489998
0.379589
0.445154
0.472867
0.365489
0.376772
0.375595
0.488502
0.484301
0.517853
0.306147
0.46908
0.485039
0.439968
0.4017
0.350335
0.455362
0.311663
0.373084
0.435677
0.306962
0.418664
0.557402
0.352636
