0.424566
0.435154
0.426738
0.288918
0.334353
0.265155
0.413301
0.441955
0.410043
0.394156
0.493818
0.325708
0.546583
0.503389
0.421631
0.527185
0.535471
0.423675
0.431559
0.389379
0.377479
0.452478
0.474464
0.442226
0.446184
0.444363
0.480259
0.41099
0.511486
0.476457
0.408912
0.323364
0.475302
0.253185
0.434135
0.474371
0.332791
0.481019
0.516885
0.470295
0.28127
0.498692
0.405743
0.347821
0.539211
0.510229
0.329268
0.461063
0.421699
0.447208
0.372224
0.417437
0.353784
0.555362
0.417528
0.45774
0.485807
0.587479
0.397663
0.429999
0.519903
0.372319
0.340139
0.519988
0.404464
0.461651
0.496524
0.470972
0.465669
0.517907
0.437436
0.464643
0.477607
0.473017
0.506825
0.469976
0.493558
0.363981
0.411052
0.467182
0.502165
0.415928
0.413137
0.530889
0.393452
0.382285
0.3908
0.39666
0.407137
0.398173
0.2725
0.378199
0.583372
0.524419
0.315349
0.32119
0.336814
0.59004
0.516204
0.396284
0.328983
0.47303
0.493585
0.325352
0.469234
0.463801
0.433168
0.43425
0.526037
0.450438
0.333774
0.417755
0.338322
0.360541
0.425009
0.424233
0.49063
0.567894
0.38836
0.539046
0.536369
0.377754
0.409593
0.370113
0.318963
0.354407
0.574241
0.341196
0.508047
0.520317
0.454322
0.551364
0.256027
0.526123
0.306468
0.423572
0.474253
0.510101
0.347849
0.441281
0.431946
0.298383
0.380747
0.493233
0.496062
0.517512
0.309493
0.426221
0.444455
0.340966
0.348768
0.382857
0.467368
0.415219
0.534906
0.48393
0.3325
0.458457
0.451975
0.381631
0.571314
0.454857
0.443145
0.492229
0.553501
0.550183
0.379782
0.499878
0.474228
0.509597
0.540617
0.504147
0.456346
0.340176
0.404261
0.473687
0.377237
0.558923
0.532834
0.446605
0.533421
0.469028
0.486787
0.422705
0.51226
0.507099
0.427446
0.443524
0.470613
0.328545
0.496462
0.475
0.455903
0.323387
0.468206
0.356653
0.465439
0.327303
0.416355
0.539217
0.374717
0.479505
0.416665
0.544405
0.494436
0.397418
0.314184
0.568724
0.431625
0.501561
0.392993
0.374186
0.443351
0.383823
0.429107
0.310631
0.503592
0.430392
0.363073
0.421401
0.483599
0.415517
0.488743
0.376971
0.459793
0.321609
0.559941
0.406738
0.421455
0.557863
0.519877
0.379134
0.346174
0.579313
0.294187
0.476115
0.260155
0.461823
0.324197
0.448068
0.395604
0.499476
0.380389
0.497308
0.579974
0.40981
0.32795
0.357294
0.586312
0.453102
0.333189
0.353467
0.489205
0.375492
0.452293
0.56026
0.496774
0.507053
0.401053
0.423649
0.307505
0.419303
0.39077
0.36396
0.461154
0.538898
0.384066
0.349696
0.441092
0.389982
0.503602
0.560595
0.418492
0.527088
0.584274
0.547635
0.439616
0.444239
0.343703
0.561099
0.459741
0.349381
0.625383
0.504799
0.46518
0.408507
0.475285
0.457029
0.415125
0.511763
0.450187
0.374959
0.439798
0.377246
0.538027
0.435038
0.518004
0.483766
0.395585
0.312148
0.420073
0.459622
0.53046
0.458466
0.43572
0.443448
0.472405
0.33801
0.428388
0.44398
0.505397
0.468508
0.331679
0.552114
0.340579
0.430468
0.592891
0.554801
0.417174
0.496328
0.496053
0.399833
0.357541
0.514301
0.418239
0.369335
0.292797
0.523992
0.51847
0.534593
0.440477
0.55949
0.408958
0.544421
0.510511
0.421347
0.371278
0.522424
0.477521
0.480796
0.541114
0.457131
0.497336
0.381953
0.356079
0.37073
0.46906
0.317712
0.565382
0.336754
0.417556
0.580664
0.428597
0.436706
0.394897
0.397594
0.441346
0.439723
0.308437
0.382996
0.409121
0.455922
0.544479
0.577986
0.320089
0.440546
0.487626
0.474751
0.355579
0.465503
0.523858
0.375073
0.351466
0.409957
0.386212
0.415177
0.550302
0.540603
0.49908
0.373912
0.503203
0.49702
0.54828
0.414169
0.391439
0.345095
0.460295
0.525119
0.395321
0.433421
0.464103
0.435931
0.424659
0.374697
0.51923
0.555401
0.556538
0.442616
0.344942
0.534486
0.455441
0.314601
0.450994
0.379771
0.405179
0.459041
0.383428
0.493305
0.478742
0.604253
0.583591
0.379173
0.41707
0.390392
0.442783
0.400831
0.466252
0.514817
0.529863
0.418484
0.285893
0.364779
0.477814
0.410065
0.527529
0.518985
0.389669
0.586637
0.374357
0.372063
0.408208
0.352551
0.424076
0.354808
0.488441
0.336986
0.42285
0.557609
0.472599
0.511298
0.548953
0.375681
0.548734
0.565223
0.524253
0.461106
0.393512
0.293862
0.545616
0.326036
0.518777
0.544141
0.471899
0.380179
0.547703
0.550103
0.461719
0.426805
0.577193
0.503387
0.417476
0.524639
0.385791
0.520188
0.500083
0.476991
0.358866
0.528089
0.383195
0.422108
0.431319
0.480874
0.514516
0.423021
0.527162
0.494334
0.390119
0.372972
0.509577
0.406018
0.521217
0.428429
0.553654
0.371218
0.295208
0.407292
0.551503
0.447814
0.437312
0.437201
0.502633
0.482709
0.382597
0.489307
0.372668
0.423567
0.362377
0.484507
0.476057
0.49227
0.402948
0.447469
0.440651
0.355602
0.487267
0.505721
0.364311
0.597254
0.498566
0.581722
0.31598
0.51281
0.397665
0.525641
0.43341
0.495852
0.335443
0.332792
0.424823
0.420654
0.470829
0.400733
0.389478
0.332488
0.473017
0.330265
0.45535
0.564737
0.415492
0.367739
0.454825
0.343125
0.416224
0.336231
0.355298
0.486375
0.512415
0.43042
0.532834
0.455644
0.557274
0.550479
0.388785
0.48515
0.537764
0.362387
0.553828
0.482698
0.571948
0.465524
0.594113
0.529878
0.495975
0.387562
0.374267
0.390699
0.534281
0.486504
0.394127
0.552998
0.424883
0.322108
0.450696
0.438923
0.476538
0.494661
0.357174
0.371592
0.505379
0.531276
0.321846
0.316377
0.311702
0.451851
0.490866
0.492523
0.499253
0.44726
0.44138
0.411378
0.394156
0.530815
0.55808
0.610031
0.289436
0.332773
0.402362
0.476289
0.425584
0.465432
0.436472
0.434883
0.350185
0.419497
0.492144
0.443448
0.386662
0.436511
0.447396
0.443057
0.375873
0.382218
0.390918
0.426224
0.490759
0.534433
0.555882
0.4461
0.570189
0.247717
0.321681
0.547066
0.344978
0.287661
0.525799
0.46703
0.524031
0.42258
0.386594
0.40978
0.276437
0.449977
0.424668
0.495105
0.449211
0.422556
0.315433
0.484704
0.424156
0.474816
0.358636
0.516579
0.464723
0.577948
0.421368
0.454293
0.3934
0.451093
0.482923
0.543588
0.534796
0.286638
0.260184
0.376994
0.485575
