0.385249
0.466503
0.411742
0.649693
0.58613
0.538567
0.416627
0.504361
0.377236
0.314343
0.555505
0.275211
0.521401
0.622421
0.452907
0.538442
0.387761
0.454097
0.477503
0.513904
0.620238
0.392062
0.374626
0.530157
0.558326
0.55636
0.471915
0.47998
0.476285
0.419684
0.403698
0.452861
0.306788
0.381589
0.543523
0.594754
0.463791
0.505873
0.432345
0.510695
0.49124
0.578796
0.390616
0.63745
0.439784
0.43261
0.520856
0.5115
0.440945
0.457763
0.60008
0.52705
0.532906
0.48651
0.551399
0.488883
0.352095
0.605843
0.440823
0.474684
0.373894
0.481845
0.505323
0.41248
0.408566
0.532747
0.353792
0.553084
0.370514
0.420864
0.425243
0.441726
0.327668
0.530626
0.403061
0.404008
0.393112
0.461343
0.432739
0.424407
0.345018
0.544872
0.425305
0.520494
0.523449
0.54287
0.498072
0.486858
0.524062
0.372072
0.61221
0.530318
0.613701
0.392527
0.430862
0.415956
0.563744
0.482828
0.426285
0.340185
0.566648
0.433383
0.545426
0.615829
0.475558
0.585328
0.323424
0.573892
0.396143
0.326182
0.337262
0.522173
0.520971
0.421572
0.652042
0.404749
0.342975
0.511869
0.517969
0.476503
0.563806
0.455583
0.390636
0.302652
0.610398
0.42319
0.438468
0.554715
0.464583
0.458262
0.352806
0.651412
0.566504
0.440697
0.428067
0.637987
0.529537
0.440134
0.508548
0.571585
0.463533
0.439319
0.436738
0.546167
0.589301
0.508556
0.588023
0.401375
0.551992
0.620599
0.490183
0.412424
0.361708
0.412254
0.511684
0.637335
0.452253
0.428909
0.352635
0.604904
0.435511
0.45782
0.409138
0.418524
0.378297
0.467568
0.286826
0.434911
0.537482
0.495197
0.460431
0.559452
0.456183
0.570237
0.456013
0.371655
0.431692
0.34952
0.622749
0.451708
0.369669
0.483302
0.590048
0.391905
0.37513
0.582509
0.359463
0.408209
0.465081
0.466982
0.556463
0.465573
0.474104
0.434948
0.542761
0.405466
0.498401
0.609927
0.421408
0.387377
0.619188
0.444194
0.462055
0.464015
0.458301
0.383177
0.435833
0.547296
0.463299
0.429113
0.383405
0.409712
0.556945
0.490917
0.503257
0.389932
0.489166
0.432302
0.386227
0.516046
0.529757
0.364511
0.533561
0.657891
0.426108
0.500385
0.583127
0.541748
0.460373
0.34838
0.430003
0.603062
0.605005
0.27362
0.611772
0.344277
0.560223
0.465188
0.456194
0.410047
0.270039
0.507737
0.613956
0.241146
0.416006
0.513727
0.475865
0.509867
0.453464
0.514982
0.462197
0.359734
0.31037
0.349827
0.459648
0.337515
0.376052
0.331366
0.360856
0.394505
0.541361
0.461654
0.512748
0.309248
0.366987
0.487125
0.602369
0.551373
0.428015
0.425775
0.401627
0.364942
0.558295
0.581131
0.463263
0.479069
0.569998
0.6121
0.533644
0.40269
0.499299
0.666357
0.385671
0.52191
0.517184
0.531994
0.367966
0.420118
0.496557
0.459378
0.416199
0.492482
0.386255
0.459031
0.449584
0.340242
0.476233
0.559178
0.508616
0.53535
0.48988
0.39833
0.42486
0.405638
0.546045
0.428666
0.429185
0.522511
0.520086
0.433851
0.523942
0.531612
0.641553
0.54499
0.475693
0.396677
0.560648
0.299228
0.449387
0.637898
0.375722
0.491877
0.452381
0.498181
0.486497
0.504413
0.474099
0.55346
0.539909
0.395087
0.472734
0.547741
0.344067
0.456795
0.45302
0.455651
0.66892
0.409857
0.364073
0.415437
0.317006
0.59571
0.326462
0.621082
0.550141
0.524513
0.423848
0.393159
0.534482
0.562356
0.454812
0.501534
0.476692
0.55454
0.623574
0.654547
0.333155
0.383012
0.525703
0.371953
0.302905
0.523859
0.480059
0.524444
0.516239
0.438104
0.445324
0.480056
0.458771
0.567534
0.545093
0.588458
0.594628
0.520347
0.45999
0.642531
0.500044
0.526793
0.474234
0.424676
0.403007
0.363825
0.468773
0.524076
0.563781
0.503899
0.421978
0.47805
0.465351
0.440412
0.527753
0.601606
0.500733
0.56945
0.333948
0.344798
0.481139
0.43526
0.401342
0.52285
0.570874
0.623043
0.447119
0.539419
0.55455
0.467482
0.427031
0.405603
0.4815
0.423861
0.517642
0.671783
0.373205
0.471566
0.552233
0.507515
0.438526
0.465582
0.419764
0.576962
0.537871
0.416764
0.475307
0.31867
0.554845
0.560117
0.585814
0.512155
0.504209
0.506453
0.395279
0.51875
0.451837
0.377303
0.602594
0.565825
0.561355
0.529378
0.5013
0.420287
0.423283
0.324727
0.409335
0.539347
0.384089
0.625122
0.420118
0.460957
0.628554
0.482476
0.569989
0.446404
0.5897
0.479389
0.571963
0.522457
0.531061
0.409152
0.606588
0.335855
0.553751
0.624557
0.371245
0.535563
0.587688
0.46246
0.485114
0.597806
0.351
0.36429
0.53706
0.362063
0.535779
0.460225
0.314773
0.510276
0.423673
0.396719
0.455416
0.474918
0.31698
0.49855
0.640853
0.449304
0.483391
0.479536
0.34226
0.433973
0.441688
0.641067
0.411014
0.481822
0.375208
0.584055
0.277111
0.284655
0.5604
0.539241
0.467517
0.330635
0.437754
0.523897
0.537683
0.400992
0.389422
0.604666
0.471872
0.550168
0.422024
0.542791
0.395079
0.603062
0.654835
0.447594
0.392869
0.348524
0.395421
0.400843
0.443352
0.539321
0.434068
0.52414
0.37955
0.382532
0.38059
0.43635
0.597867
0.619186
0.403623
0.532771
0.580571
0.553929
0.42104
0.426049
0.624091
0.381129
0.437992
0.37074
0.359032
0.513369
0.517002
0.3757
0.624061
0.366901
0.331234
0.49247
0.452052
0.435524
0.471372
0.315031
0.475298
0.471963
0.486373
0.631984
0.359891
0.607855
0.349456
0.518484
0.571606
0.558248
0.46096
0.655982
0.567545
0.35867
0.353772
0.497073
0.274268
0.527066
0.463263
0.473404
0.327877
0.473881
0.392057
0.469994
0.404562
0.415477
0.501174
0.370334
0.492915
0.410524
0.572792
0.62626
0.552597
0.402453
0.51352
0.610932
0.480416
0.441041
0.5607
0.523441
0.511838
0.552233
0.328482
0.50212
0.558589
0.604294
0.441411
0.513485
0.470129
0.494945
0.477884
0.335149
0.379475
0.439489
0.433397
0.393088
0.311425
0.482182
0.375097
0.493436
0.514002
0.43923
0.547805
0.502261
0.477525
0.430908
0.582433
0.583202
0.44404
0.525762
0.580169
0.51432
0.587364
0.535785
0.400433
0.364217
0.382234
0.319491
0.592315
0.597898
0.442079
0.436779
0.557257
0.461293
0.597428
0.607672
0.564174
0.579918
0.492707
0.536599
0.4815
0.40976
0.457231
0.559055
0.571411
