0.461181
0.464492
0.486369
0.423221
0.366083
0.436297
0.495627
0.443589
0.50723
0.291784
0.35574
0.37376
0.402596
0.430785
0.344523
0.354343
0.392526
0.474267
0.518156
0.441783
0.245181
0.283679
0.424238
0.389647
0.581622
0.226807
0.233121
0.328401
0.431384
0.360373
0.382517
0.276486
0.380424
0.499308
0.471334
0.575022
0.316657
0.431638
0.270845
0.253032
0.372216
0.429243
0.34528
0.327938
0.502519
0.423843
0.341293
0.253724
0.447802
0.301927
0.315641
0.343732
0.304997
0.307392
0.282939
0.41843
0.444405
0.253723
0.278555
0.264468
0.490628
0.354833
0.297411
0.463915
0.435695
0.297791
0.343579
0.476127
0.297273
0.43092
0.303389
0.329102
0.270498
0.528472
0.488398
0.411737
0.385441
0.228899
0.356694
0.373863
0.424335
0.308218
0.419138
0.447796
0.354094
0.579612
0.295659
0.454559
0.436118
0.358555
0.38941
0.442283
0.498601
0.426048
0.533411
0.372861
0.331069
0.314918
0.397453
0.371317
