0.998852
5.65369e-05
1.86564e-05
1.0
1.0
0.985392
0.635392
2.90579e-05
0.505292
0.135418
0.965629
0.999569
0.960273
4.56554e-06
0.993308
0.999757
0.8107
0.994018
1.83768e-10
1.0
0.0150316
0.993583
0.00617831
0.000380815
0.102259
0.000839594
3.83927e-09
0.2354
0.00259674
0.964071
0.00033723
0.302638
0.00370541
1.0
1.44841e-05
2.1993e-05
2.32221e-06
0.00327074
1.33185e-05
0.998567
0.00874849
0.773788
0.992612
0.0479108
0.866725
9.92877e-07
0.0576884
0.999995
1.0
1.0
0.00915785
0.716173
1.0
0.00488893
0.958349
0.99984
0.968077
0.999996
0.00131357
0.999998
0.935888
0.00972845
0.00187449
1.0
0.989384
0.999999
1.80063e-08
0.0855539
0.384508
0.998642
1.0
0.999945
0.0045259
0.999878
0.999735
1.69101e-06
0.999998
0.894223
0.174479
1.0
0.997287
0.723848
0.999856
0.9664
1.00632e-07
0.999999
0.999216
2.31971e-07
0.997174
0.174543
0.999998
0.823652
1.0
0.917698
0.980291
0.111667
0.713275
0.0087102
0.000844984
0.106535
7.71796e-07
0.0168175
0.999144
0.00560641
0.0294039
0.00240893
0.00200986
0.978435
0.728683
0.988761
2.84802e-05
0.99967
0.757669
2.70125e-05
1.0
0.999426
4.52755e-05
1.0
0.0500917
0.708086
1.65553e-07
0.0364251
0.999494
0.928278
1.8612e-05
0.109165
7.40356e-05
0.176899
0.999959
0.00124685
0.999771
0.506319
0.0889035
0.993831
0.909614
0.990516
0.785483
0.0312196
2.9832e-06
0.00244638
0.999426
9.20824e-05
0.999994
1.0
0.00435734
0.0895083
0.00016454
0.0654508
0.992514
0.00379347
0.16362
0.471003
4.13441e-08
0.496749
0.00536584
0.716167
0.904406
8.20709e-05
0.988606
0.999987
0.119408
0.00363432
0.994222
0.999716
1.06045e-08
4.86362e-05
0.999632
1.0
0.165395
1.0
0.274012
0.344519
0.000501684
0.999717
0.0855186
7.29984e-10
0.999998
0.99998
0.999899
0.995721
0.999809
0.00195783
7.08832e-10
5.75275e-05
0.941574
5.9888e-11
5.6399e-05
4.51206e-10
0.997028
0.0157288
0.999453
0.999812
0.507505
0.00314406
0.68834
9.02447e-08
8.57063e-05
2.97129e-05
0.0592168
1.0
0.00252997
0.0018148
0.00999505
1.60699e-05
0.763131
0.999676
0.602835
1.0
0.925227
0.990444
0.999983
0.992383
0.999904
7.34291e-08
0.748223
0.231541
1.17235e-06
0.99984
1.66576e-08
7.72426e-07
0.0820074
0.999946
0.999968
0.99721
0.999391
0.999494
0.857754
0.000311857
0.0328665
0.999987
0.984979
0.887685
0.0020945
1.65288e-07
0.000113838
0.000747021
0.999968
0.00322338
0.999808
7.48462e-05
0.99999
0.000315176
0.99995
0.999827
0.161913
0.713845
0.731856
0.999941
0.968943
0.0591582
0.996314
0.999987
0.0413691
4.24844e-08
0.516599
0.975245
0.999419
7.22697e-06
0.185261
0.883307
1.0
1.0
0.999999
0.998511
0.574596
5.78535e-07
0.490273
0.999996
0.575373
0.99999
0.000131171
0.00023729
3.11808e-08
0.00174832
0.961378
1.0
0.999134
4.21529e-07
0.997916
3.73542e-07
0.00950073
0.954348
0.999997
0.852578
0.00322842
1.0
0.970578
1.0
1.00412e-06
0.998631
0.273984
0.999988
0.999997
0.970255
2.45553e-06
1.79595e-06
0.821561
0.996009
0.974229
0.999907
0.0925131
5.51348e-13
0.0224084
0.610292
7.09581e-08
7.66229e-05
0.987276
0.469506
0.676941
0.999962
0.0760041
0.999781
1.60987e-05
0.987693
0.393436
1.0
1.0
0.999871
0.999989
0.103932
0.999784
0.122219
0.0278405
0.999999
1.0
0.999982
0.897422
0.0685988
3.62636e-05
0.999997
2.9175e-05
0.996805
0.184805
0.999983
0.999315
0.960956
1.76145e-08
0.999993
0.898769
0.999721
0.770819
0.971091
0.60898
9.18021e-06
0.000659376
0.997071
0.99993
0.000469964
1.0
3.76672e-05
0.429637
0.416133
7.58005e-05
0.711901
0.912226
0.206362
0.999998
2.94541e-08
0.000423258
3.82616e-08
8.25778e-10
2.94541e-08
0.997064
0.428081
0.869677
0.000176548
0.309782
8.77935e-05
0.00156941
0.606094
0.99218
0.00868591
0.357622
1.0
0.999998
0.998758
5.44069e-08
0.00192542
0.716258
0.978289
0.999999
1.0
0.999997
8.38728e-09
1.0
0.000473898
7.77769e-07
0.997862
0.763797
0.965501
0.00417752
0.822436
1.0
0.000536861
0.0164357
0.930115
0.00293216
0.999977
0.999479
0.999743
2.39719e-08
1.0
0.999532
0.999617
0.996935
0.998546
0.000276738
0.00706877
0.362712
0.000689577
0.999998
0.999696
1.0
0.907429
0.999998
0.99508
0.990644
0.237759
0.0207404
0.998723
0.998996
0.00166104
1.0
0.679942
0.032675
0.000119442
1.0
0.983271
0.000939834
0.019609
0.000102999
0.0336553
0.888704
1.74645e-11
0.999589
0.999999
0.000256519
0.969687
1.66477e-05
0.655988
0.805081
1.0
0.392079
0.915975
0.0014687
0.000602869
1.66789e-09
0.999703
0.999995
1.0
0.0743832
8.81465e-06
0.299446
0.0218733
0.996407
0.998717
1.0
0.588914
0.987354
0.000915629
0.878494
0.999989
3.6999e-05
1.03178e-07
1.0
0.000360906
0.909695
0.464028
0.537309
0.882613
0.943651
2.95122e-06
0.991738
3.0964e-07
6.35836e-06
0.741293
0.990035
0.684091
6.53388e-07
0.220541
4.88844e-11
0.9992
0.000122619
6.04092e-08
0.00394352
9.15456e-07
0.0326489
0.0208241
0.11197
0.99984
1.00603e-07
0.999784
0.000206323
0.485357
1.0
0.999765
0.999971
0.168249
0.00246741
0.977139
0.999171
0.000769694
0.999362
0.967984
0.0043261
0.999294
0.999997
0.834635
0.999992
0.999966
1.33134e-05
0.0309118
0.557831
0.596765
0.000322901
3.31226e-05
0.999728
0.457884
0.00147019
1.0
0.999995
0.999999
0.022957
0.585103
1.36756e-05
0.583935
0.814451
0.999989
0.00110464
0.00113788
0.99976
0.0646054
0.00929652
0.0215929
0.999536
0.00500679
3.25098e-05
1.0
1.0
1.0
7.68542e-08
0.0162224
4.05772e-05
1.0
1.7664e-11
1.0
0.00968599
0.162607
0.999971
0.000785192
0.730041
0.000158907
0.0112695
0.171575
0.997309
1.10557e-06
9.69856e-05
0.000223666
0.999999
6.70333e-06
0.823148
0.999798
0.999994
0.883833
0.999794
0.00140335
0.975273
0.000337301
7.79756e-05
0.00197604
1.0
0.952386
0.999662
0.367228
0.996323
0.999938
0.999956
1.51205e-07
0.00920152
0.0416876
0.999551
0.486111
0.9998
0.00225786
0.000109253
0.446499
1.0
0.991838
0.999592
0.61415
0.000231788
0.0234617
0.00697302
4.45999e-06
8.05849e-17
4.59025e-05
0.999985
0.00159371
0.000118003
0.608215
0.999997
0.146458
5.99642e-07
0.0269366
2.02871e-08
1.0
2.54125e-07
0.973518
0.000120262
0.928852
0.993013
0.213558
0.561985
0.99988
0.999571
0.965512
0.193309
0.9795
4.81209e-06
0.264705
0.144441
0.186044
0.879125
2.51913e-08
1.23516e-05
0.000325357
3.8631e-08
0.727685
0.999682
2.36916e-06
0.999969
0.00711633
0.953045
0.000110032
2.03346e-13
2.05369e-07
0.999998
1.0
1.0
9.88864e-09
1.0
1.8019e-08
0.982904
0.986326
0.989749
