0.478354
0.430185
0.604099
0.447815
0.538021
0.39656
0.431989
0.378515
0.406886
0.498683
0.476507
0.417447
0.455432
0.374126
0.514379
0.564867
0.33445
0.396787
0.451045
0.44567
0.349742
0.387419
0.516571
0.495892
0.451222
0.433976
0.336484
0.340985
0.49803
0.405312
0.321904
0.364011
0.430664
0.489129
0.430752
0.346393
0.449933
0.439111
0.404729
0.278363
0.371215
0.381266
0.348747
0.458766
0.36419
0.518007
0.412569
0.451442
0.556572
0.556411
0.266898
0.454286
0.413161
0.303472
0.537638
0.322687
0.329258
0.483239
0.490316
0.45892
0.352891
0.55075
0.411416
0.429978
0.339275
0.449955
0.309237
0.508263
0.467227
0.237413
0.583265
0.482311
0.484143
0.426612
0.331235
0.273477
0.480086
0.462335
0.545358
0.517017
0.417796
0.465001
0.616623
0.391695
0.49246
0.338229
0.520935
0.356527
0.473366
0.328332
0.570561
0.372189
0.245816
0.545586
0.284721
0.572203
0.542761
0.401667
0.47303
0.613947
