0.453986
0.457004
0.269342
0.448228
0.528725
0.397339
0.304252
0.446222
0.370097
0.392385
0.584447
0.417025
0.425094
0.396351
0.485382
0.272302
0.349388
0.240262
0.339824
0.548753
0.258475
0.420407
0.510511
0.243204
0.543092
0.398674
0.524784
0.444335
0.364589
0.570675
0.570472
0.310972
0.516535
0.235084
0.483465
0.430993
0.44349
0.320338
0.412872
0.368297
0.449407
0.47294
0.454151
0.442926
0.479532
0.22327
0.395928
0.259497
0.44824
0.406419
0.454163
0.43207
0.517173
0.452051
0.552633
0.301369
0.300965
0.404238
0.371361
0.483653
0.536598
0.395445
0.27506
0.406682
0.335611
0.495803
0.335728
0.33871
0.534854
0.247736
0.465025
0.316318
0.437486
0.57906
0.325076
0.610053
0.479952
0.294073
0.516665
0.32803
0.369741
0.290858
0.475643
0.437947
0.276356
0.507208
0.227665
0.397416
0.364397
0.274461
0.356792
0.516216
0.532497
0.522096
0.402516
0.288424
0.360562
0.263827
0.481465
0.413766
