0.253639
0.199275
0.305555
0.23586
0.612307
0.305051
0.311641
0.365843
0.30006
0.595775
0.443888
0.319441
0.469337
0.479232
0.495283
0.331957
0.22242
0.443906
0.523396
0.370737
0.357223
0.316989
0.385769
0.270487
0.412818
0.472757
0.26573
0.227786
0.570591
0.356867
0.390525
0.376421
0.452534
0.236937
0.27509
0.405015
0.347577
0.577618
0.361012
0.34426
0.332649
0.457301
0.468109
0.347854
0.539346
0.406305
0.314083
0.542853
0.417166
0.317819
0.363622
0.409332
0.195162
0.440532
0.400352
0.284558
0.570675
0.549676
0.481108
0.197156
0.282828
0.387279
0.421544
0.4451
0.332796
0.25629
0.616298
0.311265
0.228458
0.459778
0.383469
0.551134
0.466214
0.200596
0.493959
0.396529
0.536727
0.554329
0.469961
0.41199
0.260783
0.410834
0.279066
0.386387
0.553123
0.408744
0.441975
0.444929
0.536238
0.40009
0.29123
0.383046
0.29974
0.553206
0.404013
0.306086
0.440112
0.359582
0.481752
0.227186
